%YAML:1.0

device_id: 1
K: !!opencv-matrix
   rows: 3
   cols: 3
   dt: d   
   data: [998.3102608778569, 0, 909.7307827975307, 0, 1000.858985495078, 525.8780909920658, 0,0,1]

D: !!opencv-matrix
   rows: 1
   cols: 5
   dt: d   
   data: [-0.3701312603632176, 0.1641532576711248, -0.0002039388300314649, -0.0007438802814552748, -0.03852738839233336]

