%YAML:1.0
---
Rotation_matrix: !!opencv-matrix
   rows: 3
   cols: 3
   dt: d
   data: [ 4.9854635830567706e-02, -9.9875477291896608e-01,
       1.8490153558207156e-03, 3.4486451162681725e-01,
       1.5477020147336762e-02, -9.3852486939225843e-01,
       9.3732757556075252e-01, 4.7427475359157811e-02,
       3.4520667820083989e-01 ]
Translation_vector: !!opencv-matrix
   rows: 3
   cols: 1
   dt: d
   data: [ 3.7173452671878771e-02, -2.2400192538259112e-01,
       -6.7978291636472399e-02 ]
