%YAML:1.0
---
station_xxx:
  target_2: [4.5, -2.15, -0.25]
  target_1: [4.65, 0.47, -0.24]
  target_8: [5.62, -2.79, 0.71]
  target_7: [5.5, 1.39, 0.56]
  
